function [r1, r2, r3]=Bank_data()

% ==============================================================
% Bank data for clustering with a self-organising neural network
% ==============================================================

% ============================================================================
% Reference: Negnevitsky, M., "Artificial Intelligence: A Guide to Intelligent  
%            Systems", 3rd end. Addison Wesley, Harlow, England, 2011.                 
%            Sec. 9.4 Will a neural network work for my problem?              
% ============================================================================

%   Extreme performance banks
%   Bank #    NITA     NLLAA    NPLTA    NLLTL   NLLPLLNI
r1=[     1    0.001    0.259    0.212    0.777   11.8779    2
         2    0.001    0.148    0.007    0.265   10.0155    2
         3   -0.035    0.621    0.072    0.552   10.2906    2
         4   -0.068    0.050    0.103    0.224    4.9181    2
         5    0.083    0.016    0.166    0.429    8.9227    2
         6   -0.119    0.474    0.222    0.288    1.1152    2
         7   -0.010    0.197    0.098    0.289   10.1786    2
         8         0   0.020    0.393    0.142    2.2073    2
         9    0.025    0.397    0.297    0.346   10.8930    2
        10   -0.022    0.357    0.326    0.324   16.6606    2
        11   -0.004    0.437    0.392    0.198   15.1156    2
        12   -0.092    0.089    0.015    0.055   19.4091    2
        13   -0.048    0.124    0.078    0.469    3.9035    2
        14   -0.023    0.495    0.255    0.346   11.5665    2
        15   -0.060    0.199    0.098    0.662    0.3612    2
        16   -0.015    0.129    0.102    0.429    7.8058    2
        17    0.004    0.603    0.398    0.477   15.0552    2
        18   -0.088    0.257    0.395    0.549    5.3154    2
        19    0.028    0.191    0.253    0.703   10.0790    2
        20    0.057    0.937    0.075    0.376    5.5310    2];

%   Healthy banks
%   Bank #    NITA     NLLAA    NPLTA     NLLTL    NLLPLLNI
r2=[    21    0.106   -0.019    0.087    0.105    0.2556    1
        22    0.106    0.006    0.031    0.093    0.1543    1
        23    0.027    0.060    0.136    0.141    0.9888    1
        24    0.043   -0.289    0.225    0.237    0.2222    1
        25    0.281    0.037    0.493    0.081    0.8106    1
        26    0.153   -1.349    0.368    0.060    0.6296    1
        27    0.081   -0.942    0.230    0.067    0.7933    1
        28    0.104   -1.541    0.068    0.274    0.0676    1
        29    0.157   -0.167    0.297    0.066    1.2055    1
        30    0.055   -0.531    0.326    0.148    0.2591    1
        31    0.094   -0.260    0.053    0.067    0.1672    1
        32    0.094    0.007    0.168    0.041    1.5780    1
        33    0.001   -0.468    0.160    0.021    1.2856    1
        34    0.151   -0.343    0.192    0.244    0.7131    1
        35    0.232   -1.090    0.159    0.097    1.4388    1
        36    0.071   -0.225    0.146    0.040    0.5084    1
        37    0.111    0.006    0.009    0.216    0.7772    1
        38    0.086   -1.385    0.197    0.019    1.4732    1
        39    0.163   -0.224    0.176    0.175    0.3653    1
        40    0.225   -0.774    0.128    0.289    0.0282    1
        41    0.031    0.801    0.068    0.143    1.8183    1
        42    0.030   -2.716    0.162    0.219    0.5318    1
        43    0.233   -1.703    0.110    0.179    0.2321    1
        44    0.140    1.866    0.199    0.120    0.7861    1
        45    0.121   -4.954    0.323    0.006    1.1522    1
        46    0.151    1.879    0.108    0.156    0.0590    1
        47   -0.003    0.355    0.043    0.115    1.0130    1
        48    0.101    1.719    0.142    0.054    0.5994    1
        49   -0.003   -1.312    0.188    0.197    0.3846    1
        50    0.086    2.020    0.284    0.214    1.6276    1
        51    0.130   -0.723    0.006    0.059    0.9717    1
        52    0.063   -1.157    0.037    0.067    1.1836    1
        53    0.043    0.912    0.087    0.094    1.8378    1
        54    0.163    0.944    0.229    0.137    0.9193    1
        55    0.002   -2.281    0.000    0.280    1.1006    1
        56    0.041    3.740    0.250    0.145    0.3609    1
        57    0.223   -2.588    0.218    0.036    0.4442    1
        58    0.031   -4.537    0.015    0.116    0.6326    1
        59   -0.006   -0.701    0.191    0.041    0.6715    1
        60    0.409    0.440    0.173    0.043    1.4251    1
        61    0.244   -0.731    0.219    0.121    0.2924    1
        62    0.082   -0.462    0.299    0.009    0.9043    1
        63   -0.013   -3.291    0.112    0.029    1.2831    1
        64    0.201   -1.972    0.016    0.103    0.5311    1
        65    0.268   -0.771    0.134    0.070    0.0393    1
        66    0.148    0.007    0.206    0.043    0.5994    1
        67   -0.098   -0.036    0.309    0.221    0.4806    1
        68    0.331   -2.709    0.228    0.071    0.7376    1
        69    0.229   -2.192    0.107    0.275    0.6261    1
        70    0.260   -0.787    0.241    0.107    0.8699    1
        71    0.009   -1.313    0.005    0.122    1.0604    1
        72    0.085   -0.817    0.136    0.424    0.7823    1
        73   -0.006    0.570    0.150    0.037    0.7841    1
        74    0.183    0.810    0.192    0.108    0.3805    1
        75    0.195    1.279    0.374    0.168    0.4433    1
        76    0.020   -5.607    0.161    0.209    1.6316    1
        77    0.337   -0.401    0.010    0.076    0.6768    1
        78    0.334   -4.932    0.271    0.083    0.4104    1
        79    0.182   -2.742    0.144    0.315    0.5083    1
        80   -0.009   -1.677    0.139    0.161    0.9832    1
        81    0.403    0.028    0.148    0.001    0.8087    1
        82    0.018    4.528    0.185    0.059    0.1676    1
        83    0.234   -2.217    0.094    0.177    2.0318    1
        84   -0.012   -0.947    0.065    0.288    0.0103    1
        85    0.141   -3.531    0.128    0.075    0.1457    1
        86    0.036   -1.052    0.055    0.418    1.0055    1
        87    0.037    1.678    0.075    0.154    0.5311    1
        88    0.074   -0.568    0.081    0.033    0.7316    1
        89    0.079    0.009    0.159    0.109    0.5808    1
        90    0.063   -5.325    0.111    0.037    0.9680    1
        91   -0.031   -4.161    0.225    0.274    2.3399    1
        92    0.139    5.076    0.135    0.194    0.0398    1
        93    0.172   -1.395    0.202    0.180    1.7686    1
        94    0.215   -0.704    0.174    0.101    0.9377    1
        95   -0.058    0.001    0.292    0.059    0.6593    1
        96    0.142   -5.032    0.125    0.192    0.4560    1
        97    0.178   -3.262    0.013    0.091    0.0203    1
        98    0.232   -2.998    0.176    0.193    0.0849    1
        99    0.178   -1.913    0.046    0.259    0.6973    1
       100    0.027    0.282    0.043    0.135    0.0748    1];
   
%   Failed banks
%   Bank #    NITA     NLLAA    NPLTA    NLLTL    NLLPLLNI
r3=[     1   -0.596    0.704    0.249    0.402    9.4367    3
         2   -0.740    0.573    0.238    0.279   11.7893    3
         3   -0.706    0.728    0.305    0.394    8.3435    3
         4   -0.618    0.767    0.245    0.363    8.5620    3
         5    0.009    0.483    0.259    0.249    7.0844    3
         6   -0.592    0.609    0.287    0.318    9.4672    3
         7    0.011    0.689    0.196    0.339    6.5469    3
         8   -0.608    0.620    0.308    0.402   10.6702    3
         9   -0.615    0.711    0.287    0.321    9.1395    3
        10   -0.592    0.614    0.301    0.337    8.0345    3];